%%MatrixMarket matrix coordinate real general
%
10 10 100
1 1 1.594E3
1 2 5.5E1
1 3 -7.1E1
1 4 1.06E2
1 5 -9.1E1
1 6 -9.1E1
1 7 9.7E1
1 8 -1.43E2
1 9 3.1E1
1 10 1.21E2
2 1 5.5E1
2 2 9.16E2
2 3 4.5E1
2 4 -6.4E1
2 5 3.6E1
2 6 1.1E1
2 7 9E1
2 8 3E1
2 9 6.3E1
2 10 9.4E1
3 1 -7.1E1
3 2 4.5E1
3 3 1.046E3
3 4 -1.41E2
3 5 -5.4E1
3 6 -4.9E1
3 7 5.5E1
3 8 4E1
3 9 1.04E2
3 10 -4.9E1
4 1 1.06E2
4 2 -6.4E1
4 3 -1.41E2
4 4 1.399E3
4 5 -8.1E1
4 6 1.29E2
4 7 -6.9E1
4 8 -1.25E2
4 9 -3.2E1
4 10 -3E1
5 1 -9.1E1
5 2 3.6E1
5 3 -5.4E1
5 4 -8.1E1
5 5 1.105E3
5 6 8.4E1
5 7 8.7E1
5 8 -2.7E1
5 9 3.1E1
5 10 2E1
6 1 -9.1E1
6 2 1.1E1
6 3 -4.9E1
6 4 1.29E2
6 5 8.4E1
6 6 1.319E3
6 7 -6
6 8 5.2E1
6 9 -6.1E1
6 10 -5.6E1
7 1 9.7E1
7 2 9E1
7 3 5.5E1
7 4 -6.9E1
7 5 8.7E1
7 6 -6
7 7 8.72E2
7 8 -2.5E1
7 9 5.6E1
7 10 -1.1E1
8 1 -1.43E2
8 2 3E1
8 3 4E1
8 4 -1.25E2
8 5 -2.7E1
8 6 5.2E1
8 7 -2.5E1
8 8 1.626E3
8 9 -2.53E2
8 10 1.25E2
9 1 3.1E1
9 2 6.3E1
9 3 1.04E2
9 4 -3.2E1
9 5 3.1E1
9 6 -6.1E1
9 7 5.6E1
9 8 -2.53E2
9 9 1.379E3
9 10 -1E2
10 1 1.21E2
10 2 9.4E1
10 3 -4.9E1
10 4 -3E1
10 5 2E1
10 6 -5.6E1
10 7 -1.1E1
10 8 1.25E2
10 9 -1E2
10 10 1.128E3
